avg_time_per_token:  0.027981323390069406
avg_time_per_token_micro:  0.027969173306964402
******************************